#
#
#  Percent Identity  Matrix - created by Clustal2.1 
#
#

     1: ANPEP       100.00   14.58   35.56   34.83   32.59   32.41   32.40   20.14   31.00   20.03   16.93   34.40
     2: APO          14.58  100.00   14.72   14.26   12.84   15.43   15.44   20.86   14.75   21.30   19.68   14.14
     3: APQ          35.56   14.72  100.00   29.55   29.92   29.26   28.27   21.30   26.97   19.97   20.49   31.03
     4: ENPEP        34.83   14.26   29.55  100.00   32.59   34.18   32.10   19.50   32.33   17.82   16.93   31.95
     5: ERAP1        32.59   12.84   29.92   32.59  100.00   50.43   46.17   19.43   31.86   19.62   19.49   31.74
     6: ERAP2        32.41   15.43   29.26   34.18   50.43  100.00   44.10   18.57   31.86   18.79   17.46   31.08
     7: LNPEP        32.40   15.44   28.27   32.10   46.17   44.10  100.00   21.68   29.98   20.66   18.46   31.24
     8: LTA4H        20.14   20.86   21.30   19.50   19.43   18.57   21.68  100.00   20.47   37.46   32.95   19.54
     9: NPEPPS       31.00   14.75   26.97   32.33   31.86   31.86   29.98   20.47  100.00   18.85   17.82   28.97
    10: RNPEP        20.03   21.30   19.97   17.82   19.62   18.79   20.66   37.46   18.85  100.00   47.50   20.68
    11: RNPEPL1      16.93   19.68   20.49   16.93   19.49   17.46   18.46   32.95   17.82   47.50  100.00   17.62
    12: TRHDE        34.40   14.14   31.03   31.95   31.74   31.08   31.24   19.54   28.97   20.68   17.62  100.00
